0	0.453965814307
1	0.461796066517
2	0.469634968915
3	0.478574416245
4	0.486018236847
5	0.494999925817
6	0.502673137635
7	0.510985511324
8	0.518336127567
9	0.526872200562
10	0.532737201044
11	0.540490808742
12	0.54749267574
13	0.554417920781
14	0.561078717851
15	0.568756812854
16	0.575662019392
17	0.582216755173
18	0.588062813206
19	0.594887151969
20	0.602588296369
21	0.610144835129
22	0.616231353779
23	0.624021418037
24	0.63195993787
25	0.638592728565
26	0.645956796497
27	0.651094196384
28	0.657751206894
29	0.663663798057
30	0.670341529733
31	0.675797240956
32	0.682912579928
33	0.688955895835
34	0.695236460402
35	0.701239702768
36	0.707668354368
37	0.712200191949
38	0.719447288785
39	0.726677759897
40	0.732742724648
41	0.738351369045
42	0.744639505468
43	0.752079778937
44	0.757723148078
45	0.76297726722
46	0.768689208181
47	0.773223003154
48	0.778886436797
49	0.783704468839
50	0.788752952277
51	0.794020647987
52	0.798944624294
53	0.804071116225
54	0.808320124275
55	0.812898304481
56	0.817868210495
57	0.823727540613
58	0.828374652614
59	0.832573781187
60	0.836377560548
61	0.840835021022
62	0.844048335561
63	0.850193662122
64	0.8545486323
65	0.858867382453
66	0.862519332939
67	0.867119519561
68	0.871849274189
69	0.876102881589
70	0.879782403089
71	0.882996366631
72	0.886215422113
73	0.890707284966
74	0.895034230976
75	0.897065993391
76	0.900304134027
77	0.90517958175
78	0.908832108009
79	0.911011151625
80	0.91317298529
81	0.917256023771
82	0.91917037385
83	0.921024698393
84	0.922686326982
85	0.924869068282
86	0.927719074073
87	0.930349229405
88	0.934101574629
89	0.935707391035
90	0.936744628422
91	0.936967285158
92	0.938977555475
93	0.941265155384
94	0.943224570304
95	0.943186819603
96	0.945349057643
97	0.946100664013
98	0.947084138916
99	0.948293915505
100	0.948662462376
101	0.949514396974
102	0.950224587567
103	0.950794749315
104	0.951368733318
105	0.951614902938
106	0.950930849344
107	0.952015475117
108	0.952618839775
109	0.952740213141
110	0.951071522941
111	0.951800593298
112	0.951753239956
113	0.952327941391
114	0.95154583742
115	0.951147004834
116	0.951546989586
117	0.951040053693
118	0.949844125799
119	0.949647712031
120	0.949649130742
121	0.947817708664
122	0.946188547011
123	0.945834659946
124	0.944148080778
125	0.942501324183
126	0.941188844248
127	0.939794335848
128	0.938654501715
129	0.937267078006
130	0.935505308779
131	0.932543403164
132	0.930499640595
133	0.926590651797
134	0.925302256987
135	0.922237306812
136	0.919859709398
137	0.918301258524
138	0.916514983289
139	0.913005276512
140	0.9093205107
141	0.905738409343
142	0.901844959597
143	0.898213550452
144	0.894933545892
145	0.891287286525
146	0.887935685224
147	0.884458577947
148	0.881337763152
149	0.877052433359
150	0.873707707211
151	0.8703551952
152	0.865838050475
153	0.861323837551
154	0.855919493842
155	0.852479238133
156	0.848156642236
157	0.843651940772
158	0.838103803275
159	0.833947508724
160	0.829486469363
161	0.826237694716
162	0.82092757691
163	0.816764262997
164	0.810907201375
165	0.805112086239
166	0.799116482791
167	0.794813825898
168	0.789336565409
169	0.783947091624
170	0.778865538737
171	0.772551951076
172	0.76725095555
173	0.76073330668
174	0.754709871873
175	0.747502665349
176	0.743054238732
177	0.738435530142
178	0.731412237859
179	0.725012175149
180	0.719007514481
181	0.711468432351
182	0.703734241479
183	0.698048873872
184	0.691124895008
185	0.684684277921
186	0.677517791078
187	0.670923065356
188	0.663324865318
189	0.655228881557
190	0.647942781455
191	0.642323054277
192	0.635327888867
193	0.628657819855
194	0.620889087673
195	0.614653924231
196	0.608148838275
197	0.600722960468
198	0.592864727085
199	0.585614044633
200	0.577485306471
201	0.5692762461
202	0.56129911799
203	0.554486363178
204	0.547356606663
205	0.538775980331
206	0.531680611362
207	0.524447375668
208	0.515863927007
209	0.507472364295
210	0.499810773625
211	0.49237304651
212	0.484281373946
213	0.474593825288
214	0.465273452554
215	0.45677700155
216	0.448174955959
217	0.438765385883
218	0.431067878438
219	0.422793954711
220	0.414312742263
221	0.404496908708
222	0.395382507205
223	0.386614278207
224	0.377557257335
225	0.368839632991
226	0.358870823075
227	0.349352980457
228	0.340027447859
229	0.330698207686
230	0.321301535611
231	0.312397439902
232	0.303332846682
233	0.29436151439
234	0.285424778546
235	0.275783057791
236	0.267007594415
237	0.256888898682
238	0.24720941537
239	0.238333902887
240	0.229001965102
241	0.220501069815
242	0.210747425421
243	0.202063864037
244	0.193442674762
245	0.183611177399
246	0.174837552622
247	0.165482310754
248	0.155729882867
249	0.147140677419
250	0.13700356983
251	0.126954416252
252	0.116531966937
253	0.107897901237
254	0.098583802887
255	0.0900348024187
256	0.0797643441554
257	0.0703304014995
258	0.0595358585635
259	0.0498827631984
260	0.0405952999406
261	0.0310179391329
262	0.0206698853107
263	0.0116919549367
264	0.00296598542211
265	-0.00675214063273
266	-0.0161080788131
267	-0.0246804604574
268	-0.0347686793708
269	-0.0449969875757
270	-0.0551171492264
271	-0.0650748328509
272	-0.0742911901632
273	-0.0835593572437
274	-0.0931190719228
275	-0.102542367336
276	-0.112523429346
277	-0.122542104337
278	-0.134090858713
279	-0.144455918412
280	-0.153064211581
281	-0.161952937544
282	-0.170618420666
283	-0.179638799465
284	-0.189070971952
285	-0.198444867869
286	-0.207603736876
287	-0.216568976775
288	-0.226269695544
289	-0.236257576497
290	-0.245556345242
291	-0.25526049937
292	-0.265247363226
293	-0.27327680287
294	-0.281887179461
295	-0.291325277179
296	-0.301682742896
297	-0.311068136839
298	-0.320705495124
299	-0.329342188307
300	-0.33936020063
301	-0.34859744559
302	-0.357643206268
303	-0.366638948054
304	-0.376796813746
305	-0.386256239797
306	-0.39580831563
307	-0.405505756565
308	-0.415112737928
309	-0.424476898286
310	-0.433321605481
311	-0.442174407451
312	-0.451674199016
313	-0.459836032681
314	-0.467619249612
315	-0.475966458031
316	-0.485062852123
317	-0.49348036353
318	-0.501266507009
319	-0.509929968144
320	-0.51833095391
321	-0.52772424719
322	-0.53557648641
323	-0.543508742289
324	-0.550696264661
325	-0.559041920998
326	-0.566858874985
327	-0.572868655611
328	-0.579242669351
329	-0.587220465079
330	-0.594689206197
331	-0.602247662801
332	-0.610307051558
333	-0.61729159927
334	-0.624523926273
335	-0.630915797538
336	-0.638346195343
337	-0.645481268843
338	-0.652011078041
339	-0.6595281855
340	-0.668044996867
341	-0.674697675521
342	-0.682670746512
343	-0.689585342633
344	-0.696128763255
345	-0.702770752582
346	-0.709151904198
347	-0.71597464098
348	-0.722786237188
349	-0.729120885381
350	-0.735229113909
351	-0.740153916106
352	-0.744903225816
353	-0.750621664114
354	-0.75675754312
355	-0.761824361089
356	-0.76877492892
357	-0.774094438634
358	-0.779776845828
359	-0.784229032053
360	-0.789767344307
361	-0.795161261261
362	-0.800443127782
363	-0.805968016084
364	-0.811355693643
365	-0.817158987833
366	-0.821608816708
367	-0.826464562391
368	-0.832332562651
369	-0.836996314906
370	-0.841036333212
371	-0.84539338039
372	-0.851064608136
373	-0.855087242002
374	-0.859363248343
375	-0.863305706731
376	-0.867851411743
377	-0.872005080333
378	-0.876292650575
379	-0.879263416498
380	-0.882604599741
381	-0.887556944173
382	-0.89243282421
383	-0.896379643205
384	-0.89972834183
385	-0.904528271279
386	-0.906688228795
387	-0.910344131496
388	-0.913580300536
389	-0.916547869904
390	-0.918384629765
391	-0.920225164914
392	-0.923332329673
393	-0.926068695198
394	-0.929387036626
395	-0.931938932302
396	-0.934628265033
397	-0.936989576955
398	-0.938406970395
399	-0.939058453581
400	-0.940989326578
401	-0.942228859601
402	-0.943526899811
403	-0.942949170763
404	-0.944754262576
405	-0.945279478515
406	-0.947422954732
407	-0.948310548673
408	-0.948931475172
409	-0.950201499006
410	-0.950166054809
411	-0.95212760712
412	-0.9531172868
413	-0.952834718877
414	-0.954114574019
415	-0.954338109292
416	-0.954163166822
417	-0.952828698204
418	-0.952359436049
419	-0.95244182241
420	-0.952526468543
421	-0.953031201416
422	-0.951177205506
423	-0.950303189624
424	-0.949961238017
425	-0.950116016947
426	-0.949976633841
427	-0.948942756773
428	-0.948681775137
429	-0.949450315698
430	-0.94812029654
431	-0.947577260349
432	-0.946789979274
433	-0.945294782678
434	-0.943285218645
435	-0.942668193798
436	-0.941649167638
437	-0.940364316292
438	-0.938740414833
439	-0.937403041402
440	-0.935718417912
441	-0.932107442587
442	-0.929208782053
443	-0.927351204901
444	-0.924171770744
445	-0.922873639678
446	-0.92064352736
447	-0.918795651787
448	-0.916793550246
449	-0.913562450969
450	-0.910228154314
451	-0.907972649624
452	-0.905489610596
453	-0.902752448571
454	-0.899671423407
455	-0.896494199806
456	-0.89377107029
457	-0.890191251961
458	-0.887041743132
459	-0.883767348619
460	-0.88029558411
461	-0.87587228705
462	-0.871901820719
463	-0.868695058908
464	-0.865689759733
465	-0.861119515695
466	-0.857466797337
467	-0.85320130505
468	-0.84894093213
469	-0.844589905153
470	-0.840375213602
471	-0.835374994317
472	-0.830873986461
473	-0.824868435761
474	-0.819937108267
475	-0.816422573134
476	-0.811227991585
477	-0.806734990107
478	-0.801004138877
479	-0.795532040828
480	-0.790037704871
481	-0.784601724436
482	-0.777447186531
483	-0.771551455338
484	-0.765176133245
485	-0.759568357327
486	-0.753511093682
487	-0.748255216068
488	-0.742288676282
489	-0.735603976949
490	-0.728230190471
491	-0.722084645278
492	-0.717692594492
493	-0.710775270745
494	-0.703512830628
495	-0.698049036518
496	-0.691382596777
497	-0.684248520281
498	-0.677404154975
499	-0.670984042607
500	-0.665537199765
501	-0.658356889673
502	-0.651551283809
503	-0.644911747644
504	-0.63882862886
505	-0.631460323512
506	-0.625026916351
507	-0.617051453677
508	-0.610072208595
509	-0.603303706472
510	-0.595722393538
511	-0.589610487171
512	-0.580545659655
513	-0.573195774593
514	-0.565891875618
515	-0.558278114897
516	-0.550081061815
517	-0.542939648338
518	-0.535665315657
519	-0.527881777826
520	-0.519936151017
521	-0.512511378419
522	-0.503859425575
523	-0.497177379603
524	-0.48974217385
525	-0.481733701839
526	-0.473209260483
527	-0.465282933239
528	-0.457428595795
529	-0.449393519446
530	-0.439941530695
531	-0.432197850746
532	-0.423427432806
533	-0.415393118874
534	-0.406610593445
535	-0.397565503781
536	-0.387778860177
537	-0.379163573761
538	-0.369813104983
539	-0.360893585696
540	-0.351193310629
541	-0.342727676708
542	-0.334224870616
543	-0.326861165126
544	-0.317237574372
545	-0.308227285889
546	-0.298167480257
547	-0.289234229144
548	-0.279182053241
549	-0.269284868854
550	-0.260594758127
551	-0.25088690989
552	-0.242158575912
553	-0.232917159978
554	-0.224392801049
555	-0.215587302388
556	-0.206600303174
557	-0.198206436742
558	-0.188909585212
559	-0.179438091156
560	-0.168431363759
561	-0.159097126772
562	-0.150252288659
563	-0.141511743953
564	-0.13113067699
565	-0.120667419778
566	-0.112182761149
567	-0.102581229221
568	-0.0929877962596
569	-0.0834795113567
570	-0.0732743630389
571	-0.0650124417097
572	-0.0558529327067
573	-0.0462010071695
574	-0.0370838154918
575	-0.0276055056418
576	-0.016591777498
577	-0.00757753115478
578	0.00227417840409
579	0.0125002654703
580	0.0219104174802
581	0.03123998258
582	0.0392023286294
583	0.048015479286
584	0.05762570596
585	0.0678131557657
586	0.0771402075227
587	0.0870221209596
588	0.0963516442538
589	0.106523408196
590	0.115985660608
591	0.124582385901
592	0.134164635688
593	0.144580652853
594	0.154529473905
595	0.163428119386
596	0.173539638292
597	0.182479960408
598	0.192382872986
599	0.200549838977
600	0.209821664535
601	0.217994697996
602	0.227074728446
603	0.236652194599
604	0.246457946601
605	0.254745204498
606	0.263887071975
607	0.273747137082
608	0.282314778403
609	0.291478750885
610	0.300941851477
611	0.309760730358
612	0.319557165732
613	0.327325758335
614	0.337283323446
615	0.346072019055
616	0.355381762789
617	0.363116395132
618	0.372557497486
619	0.380458139515
620	0.389638468352
621	0.398275155026
622	0.407499905536
623	0.416411814943
624	0.426178716238
625	0.434890996174
626	0.443951153868
627	0.45250011512
628	0.461864035005
629	0.469756627844
630	0.477581378575
631	0.485895116169
632	0.493768517213
633	0.501589750445
634	0.510589460375
635	0.51931825285
636	0.526507809597
637	0.534311999047
638	0.542099275727
639	0.549376094549
640	0.556319982854
641	0.56337938185
642	0.572743652962
643	0.579910334507
644	0.588704181737
645	0.596671927278
646	0.602920269013
647	0.609527926308
648	0.616406343302
649	0.623922175361
650	0.630725196495
651	0.638670323825
652	0.645070379856
653	0.651734102082
654	0.657713736192
655	0.664318026291
656	0.672440847461
657	0.679940986799
658	0.686380253919
659	0.692725361684
660	0.700586004243
661	0.705531277822
662	0.712004902772
663	0.717745521543
664	0.723956926714
665	0.729315136062
666	0.73530192572
667	0.741898367465
668	0.748362801799
669	0.753795307583
670	0.758878395292
671	0.763822027063
672	0.771641586453
673	0.776402559198
674	0.783589210267
675	0.789701664621
676	0.794189531509
677	0.79949175345
678	0.805191703367
679	0.810981832419
680	0.815096298985
681	0.819049669016
682	0.823122388988
683	0.829234263733
684	0.833560919426
685	0.838384149323
686	0.841983192327
687	0.846507826813
688	0.850707116654
689	0.854602816984
690	0.858246128446
691	0.861975334425
692	0.865838809121
693	0.868833580207
694	0.872582905861
695	0.876486476436
696	0.880750998699
697	0.88441559782
698	0.888216557967
699	0.890836091021
700	0.895255335142
701	0.897674134266
702	0.902120448034
703	0.903915219712
704	0.906162038116
705	0.909109686381
706	0.912232585585
707	0.915157091516
708	0.916494286498
709	0.919597368921
710	0.922444823005
711	0.924218382647
712	0.926380735876
713	0.929061235977
714	0.931186804029
715	0.933005422736
716	0.935634331632
717	0.93807120015
718	0.941284845974
719	0.942421559099
720	0.944172744204
721	0.945059257169
722	0.946887522806
723	0.947736232647
724	0.948401770493
725	0.947887306502
726	0.949574207211
727	0.949954012227
728	0.950691530877
729	0.951093090617
730	0.952266852031
731	0.953779538991
732	0.95433024388
733	0.954830628492
734	0.956104604122
735	0.956235298332
736	0.955077989184
737	0.954865705042
738	0.954717633496
739	0.954006529623
740	0.954036991753
741	0.955494579456
742	0.955115920129
743	0.95360425722
744	0.952662352424
745	0.952186169978
746	0.951343931548
747	0.95130179833
748	0.950528548673
749	0.949140121656
750	0.947101270117
751	0.945035796089
752	0.943357408779
753	0.941654924646
754	0.940811003603
755	0.938993711098
756	0.937847738262
757	0.934871221217
758	0.930929340435
759	0.930313351758
760	0.928604518907
761	0.925005534505
762	0.921803358866
763	0.919383280553
764	0.917612803889
765	0.915262349378
766	0.912908527872
767	0.910291434313
768	0.907611068446
769	0.904534632782
770	0.901085951525
771	0.898711532323
772	0.895614576863
773	0.892105744934
774	0.888567809705
775	0.883937414361
776	0.879954884012
777	0.876588107847
778	0.872051579787
779	0.867314349359
780	0.86237432504
781	0.857705847226
782	0.853906644544
783	0.849546858428
784	0.845095642425
785	0.84017879472
786	0.83532029714
787	0.831436719195
788	0.825711202849
789	0.821164013366
790	0.817634998712
791	0.81246662232
792	0.807720642856
793	0.802590575011
794	0.798338644176
795	0.79274642138
796	0.787802509082
797	0.780872255654
798	0.775396591776
799	0.769432726315
800	0.763562393354
801	0.75763235717
802	0.752337448665
803	0.745591357845
804	0.739941672881
805	0.734443790526
806	0.728024747244
807	0.72160919929
808	0.714875601635
809	0.709443273654
810	0.703001056008
811	0.696337108012
812	0.689622219356
813	0.683198725536
814	0.675900209415
815	0.670094572674
816	0.663257709133
817	0.656344601424
818	0.648481017315
819	0.640662702806
820	0.63343643531
821	0.6264780899
822	0.619982283998
823	0.611184818167
824	0.60435116892
825	0.596691487004
826	0.590279666292
827	0.581900885615
828	0.574325331428
829	0.56681699305
830	0.559419245462
831	0.551676550519
832	0.543036675908
833	0.534225724698
834	0.526722985946
835	0.518051870319
836	0.509495225059
837	0.501001421343
838	0.492110015045
839	0.483864501028
840	0.476598542998
841	0.468523514668
842	0.458812309264
843	0.449565754755
844	0.440470197633
845	0.432865076185
846	0.422969637358
847	0.41335105673
848	0.404620462049
849	0.395878737842
850	0.387592732623
851	0.379208621915
852	0.37061774926
853	0.361508416326
854	0.352832120528
855	0.34380230493
856	0.33591960479
857	0.32636481684
858	0.317461782873
859	0.309526825659
860	0.299541012424
861	0.291359770568
862	0.282316876602
863	0.273798432413
864	0.264559118533
865	0.255390726104
866	0.247344427319
867	0.238747685374
868	0.229437853551
869	0.219462098409
870	0.209857985426
871	0.201243543942
872	0.191354778682
873	0.181885719972
874	0.170896230051
875	0.161567374924
876	0.152158413093
877	0.142958023616
878	0.133677118753
879	0.125137806306
880	0.11591161443
881	0.106834015883
882	0.0982663416809
883	0.0895361748474
884	0.0807316053254
885	0.0713314982329
886	0.0623583778902
887	0.0520953366814
888	0.0427171542127
889	0.0341985602021
890	0.0254574000861
891	0.0153801401468
892	0.00535881514342
893	-0.00538119931983
894	-0.0152881062591
895	-0.0251023632321
896	-0.0336534267692
897	-0.0441309344262
898	-0.0526021028819
899	-0.0614051873443
