0	0.46590980706
1	0.467354354905
2	0.485461834458
3	0.485642574856
4	0.497228355784
5	0.500360409796
6	0.505063949873
7	0.509933060391
8	0.51759711354
9	0.535941318696
10	0.540396422585
11	0.541804535673
12	0.544199262817
13	0.550889860039
14	0.553974048042
15	0.566577747851
16	0.567808222548
17	0.583059540417
18	0.591474243184
19	0.592165343172
20	0.603565985746
21	0.603884819908
22	0.607274539924
23	0.62774448694
24	0.641482324723
25	0.654336702574
26	0.665900675407
27	0.670216472053
28	0.675121873398
29	0.687628459004
30	0.724477280751
31	0.730515544828
32	0.73184680107
33	0.745214090265
34	0.750874977202
35	0.75152767105
36	0.752580753863
37	0.754602479435
38	0.761669857751
39	0.761681376428
40	0.762406191095
41	0.768438338496
42	0.770428085551
43	0.770677371184
44	0.786905525734
45	0.797906016091
46	0.81692539819
47	0.825986667096
48	0.82791517786
49	0.832541261801
50	0.835629026937
51	0.835883308995
52	0.835988905346
53	0.840992471592
54	0.843455700091
55	0.844933915723
56	0.849934584342
57	0.85008350959
58	0.853716760041
59	0.853914023866
60	0.855356372484
61	0.863308874157
62	0.880090244263
63	0.880871280921
64	0.881200842191
65	0.882358607554
66	0.886904902936
67	0.890471184724
68	0.892220866786
69	0.89235299097
70	0.895182565553
71	0.903068578024
72	0.903873050209
73	0.9111722648
74	0.92029458685
75	0.925330900582
76	0.928176303504
77	0.928380978215
78	0.92988443924
79	0.930937024077
80	0.931370580875
81	0.933423767749
82	0.933466739925
83	0.934213762888
84	0.936542136798
85	0.937054804991
86	0.938252573093
87	0.938563448245
88	0.943908436499
89	0.948956636589
90	0.948956636589
91	0.948956636589
92	0.948956636589
93	0.951964692623
94	0.952432826564
95	0.952432826564
96	0.953751260264
97	0.953751260264
98	0.953751260264
99	0.955000886955
100	0.955000886955
101	0.955000886955
102	0.955000886955
103	0.955000886955
104	0.955167859148
105	0.955167859148
106	0.955167859148
107	0.958176340834
108	0.958176340834
109	0.958176340834
110	0.955167859148
111	0.955167859148
112	0.955167859148
113	0.955167859148
114	0.955167859148
115	0.955167859148
116	0.955167859148
117	0.955167859148
118	0.955167859148
119	0.955167859148
120	0.955167859148
121	0.955000886955
122	0.955000886955
123	0.955000886955
124	0.955000886955
125	0.953751260264
126	0.953751260264
127	0.952432826564
128	0.952432826564
129	0.952432826564
130	0.951964692623
131	0.948956636589
132	0.948956636589
133	0.947844733356
134	0.947844733356
135	0.938563448245
136	0.938252573093
137	0.938252573093
138	0.938252573093
139	0.937054804991
140	0.934213762888
141	0.930937024077
142	0.928380978215
143	0.928176303504
144	0.927037865944
145	0.92029458685
146	0.908453505113
147	0.903359611219
148	0.903359611219
149	0.90053210816
150	0.897236981279
151	0.89235299097
152	0.890481969555
153	0.885501514494
154	0.88403151198
155	0.87530755677
156	0.873253774128
157	0.866442352505
158	0.86049215856
159	0.858634775623
160	0.856478273203
161	0.856241487634
162	0.854431266718
163	0.850101203136
164	0.848142019039
165	0.843598989921
166	0.833878969488
167	0.832380294091
168	0.828238585486
169	0.812678022608
170	0.804651824467
171	0.804155847325
172	0.803778641911
173	0.802564653329
174	0.792368687094
175	0.789581031854
176	0.788749802694
177	0.774494134694
178	0.773967042595
179	0.766197640833
180	0.762622092119
181	0.760343308904
182	0.746626937842
183	0.741623831819
184	0.701944808761
185	0.682534543827
186	0.677963884706
187	0.674780822733
188	0.670645117803
189	0.661243271552
190	0.656015392021
191	0.647037260711
192	0.640370192731
193	0.639965423647
194	0.638647469158
195	0.627906490944
196	0.618974158149
197	0.606147735025
198	0.605098295949
199	0.600254738886
200	0.588086264833
201	0.58786628372
202	0.586747936283
203	0.58247724586
204	0.558983215292
205	0.544214015193
206	0.541553192863
207	0.537720809668
208	0.535747075638
209	0.535215137244
210	0.527521058507
211	0.516892289302
212	0.512333392992
213	0.489516765629
214	0.487763716668
215	0.471858285799
216	0.464771469451
217	0.464447456479
218	0.453220075077
219	0.452318824456
220	0.446019602384
221	0.433728774972
222	0.422803160401
223	0.411888980412
224	0.41081218639
225	0.397357612642
226	0.392775755319
227	0.388296020397
228	0.384215561567
229	0.365140348784
230	0.364341319906
231	0.338826770413
232	0.305558358934
233	0.298849907517
234	0.287750247286
235	0.287683962243
236	0.272715933216
237	0.249634771367
238	0.249222454105
239	0.248920966711
240	0.243216744993
241	0.225336243509
242	0.222704765471
243	0.219247360728
244	0.208811831545
245	0.19957680387
246	0.196847904867
247	0.193087521593
248	0.1705465396
249	0.165396106442
250	0.16491805357
251	0.143859892684
252	0.137173786501
253	0.125684682568
254	0.121347926898
255	0.121213563972
256	0.114771933431
257	0.100296899468
258	0.0925534725901
259	0.0743213613072
260	0.0714170106472
261	0.0411582485571
262	0.0267075954333
263	0.0109796564493
264	-0.00371028466617
265	-0.0227234878115
266	-0.022988273807
267	-0.0573261341339
268	-0.0582808349076
269	-0.0598846082046
270	-0.0641547802095
271	-0.103134857657
272	-0.109498498295
273	-0.114282417885
274	-0.124819531958
275	-0.130973519899
276	-0.138964190987
277	-0.145285237601
278	-0.147800199126
279	-0.153503454792
280	-0.194481952064
281	-0.197347152422
282	-0.198680012355
283	-0.203660771836
284	-0.204285148148
285	-0.213470487384
286	-0.215676683187
287	-0.231323738697
288	-0.246170678875
289	-0.255573059562
290	-0.259508523203
291	-0.264592381751
292	-0.27964346654
293	-0.280364437229
294	-0.288953434917
295	-0.302155523545
296	-0.307154199098
297	-0.310446689861
298	-0.316972937745
299	-0.334319825966
300	-0.351115654308
301	-0.366021058364
302	-0.381740718077
303	-0.402818651789
304	-0.409464635179
305	-0.414019911708
306	-0.417081132612
307	-0.41874957054
308	-0.432487265525
309	-0.439792383071
310	-0.441999498317
311	-0.443007385671
312	-0.444898697158
313	-0.450568348305
314	-0.458070342573
315	-0.477356917391
316	-0.49201396591
317	-0.498930153837
318	-0.524122457408
319	-0.532620973525
320	-0.539863856286
321	-0.542556068141
322	-0.543309119814
323	-0.546034821348
324	-0.55340722162
325	-0.56387925113
326	-0.568173569947
327	-0.579839053615
328	-0.588308101356
329	-0.588407551752
330	-0.614125499187
331	-0.623871701507
332	-0.63605884319
333	-0.637295522411
334	-0.63834232547
335	-0.6498775518
336	-0.656266775671
337	-0.670071231825
338	-0.690254676522
339	-0.692088633458
340	-0.69712871619
341	-0.701976735459
342	-0.707277267022
343	-0.709823341847
344	-0.736902821977
345	-0.744436038003
346	-0.754125826004
347	-0.754837266648
348	-0.757534078083
349	-0.786071210809
350	-0.787221993537
351	-0.790005924717
352	-0.793018527193
353	-0.795787954423
354	-0.811272991393
355	-0.813365543773
356	-0.819811637632
357	-0.835581641759
358	-0.842204817834
359	-0.84245540006
360	-0.843546095159
361	-0.844620435066
362	-0.846285099582
363	-0.846901191069
364	-0.848301979234
365	-0.85322672359
366	-0.855397895292
367	-0.8649039505
368	-0.871487836203
369	-0.889239767671
370	-0.893489332927
371	-0.896574547847
372	-0.900394184451
373	-0.901152057323
374	-0.90119212496
375	-0.903794770555
376	-0.907846307669
377	-0.908689354601
378	-0.912167546282
379	-0.914323432338
380	-0.915255866905
381	-0.916154592404
382	-0.918320699502
383	-0.922446087911
384	-0.932131363702
385	-0.935267093844
386	-0.935267093844
387	-0.935433303835
388	-0.936319106721
389	-0.938817796472
390	-0.939875166152
391	-0.939875166152
392	-0.940876360347
393	-0.941446682278
394	-0.947604264186
395	-0.947604264186
396	-0.948395895162
397	-0.948395895162
398	-0.948395895162
399	-0.948395895162
400	-0.948842088638
401	-0.949277983488
402	-0.949277983488
403	-0.949277983488
404	-0.949838917737
405	-0.949838917737
406	-0.952552250803
407	-0.952552250803
408	-0.952552250803
409	-0.954043605624
410	-0.954043605624
411	-0.954943003026
412	-0.954943003026
413	-0.954943003026
414	-0.954943003026
415	-0.954943003026
416	-0.954943003026
417	-0.954943003026
418	-0.954943003026
419	-0.954943003026
420	-0.954943003026
421	-0.954943003026
422	-0.954043605624
423	-0.954043605624
424	-0.954043605624
425	-0.954043605624
426	-0.954043605624
427	-0.954043605624
428	-0.954043605624
429	-0.954043605624
430	-0.954043605624
431	-0.954043605624
432	-0.954043605624
433	-0.954043605624
434	-0.952552250803
435	-0.949838917737
436	-0.949838917737
437	-0.949277983488
438	-0.949277983488
439	-0.949277983488
440	-0.948842088638
441	-0.948395895162
442	-0.947604264186
443	-0.945769771184
444	-0.942630913117
445	-0.941446682278
446	-0.941446682278
447	-0.935267093844
448	-0.933193083174
449	-0.927812695052
450	-0.926890015671
451	-0.926890015671
452	-0.926890015671
453	-0.926890015671
454	-0.922465856331
455	-0.920077996745
456	-0.920077996745
457	-0.919769285314
458	-0.915284425301
459	-0.911816830251
460	-0.90844470516
461	-0.899469256361
462	-0.898295218191
463	-0.897994004058
464	-0.897594251391
465	-0.889781339191
466	-0.887114431241
467	-0.882724995054
468	-0.88053662246
469	-0.876148726541
470	-0.866927954706
471	-0.856851238654
472	-0.854606122048
473	-0.852999652418
474	-0.852600756249
475	-0.849646859663
476	-0.834170679799
477	-0.82917396598
478	-0.819925627792
479	-0.818727680118
480	-0.815012030256
481	-0.804800449629
482	-0.799373186716
483	-0.798230415184
484	-0.792741652673
485	-0.787802940232
486	-0.787664757464
487	-0.784913846112
488	-0.784192522149
489	-0.783854183944
490	-0.780923931966
491	-0.772305059387
492	-0.768307570111
493	-0.761981874802
494	-0.733054838272
495	-0.710191959678
496	-0.699377199048
497	-0.691561354063
498	-0.689971392393
499	-0.684405557383
500	-0.68131135356
501	-0.680398638181
502	-0.67860312773
503	-0.669738437714
504	-0.669056563767
505	-0.668768574152
506	-0.665367650545
507	-0.660290413346
508	-0.6493779587
509	-0.645057414728
510	-0.635714181798
511	-0.633144021936
512	-0.626672794183
513	-0.620217711857
514	-0.618453251812
515	-0.596221687252
516	-0.573867523219
517	-0.570686877092
518	-0.559062802855
519	-0.546587164765
520	-0.545186913217
521	-0.524560283885
522	-0.522712048557
523	-0.519640603302
524	-0.510631961347
525	-0.482858754726
526	-0.464576254809
527	-0.461317347613
528	-0.4507780117
529	-0.447096162007
530	-0.441709130711
531	-0.432551597134
532	-0.429616006801
533	-0.424484326759
534	-0.410175518883
535	-0.404598738894
536	-0.404485148984
537	-0.403921176797
538	-0.39743477836
539	-0.384440786235
540	-0.352076764177
541	-0.350883892372
542	-0.341457710309
543	-0.3079652161
544	-0.295516917796
545	-0.284727834095
546	-0.269794500803
547	-0.258670581904
548	-0.256296862962
549	-0.254502281191
550	-0.254488875306
551	-0.252689808043
552	-0.249562654807
553	-0.247060705327
554	-0.232344316542
555	-0.228289329859
556	-0.227340931445
557	-0.225337426578
558	-0.214676503765
559	-0.207180235984
560	-0.200975292523
561	-0.177430894084
562	-0.173641080324
563	-0.16945918678
564	-0.161442233933
565	-0.152087542665
566	-0.109305879031
567	-0.10694920631
568	-0.101644975119
569	-0.088738578279
570	-0.0865553796111
571	-0.0839144689432
572	-0.0807906337514
573	-0.0755877316033
574	-0.0529571567042
575	-0.052097814289
576	-0.0486186190624
577	-0.019568045545
578	-0.0177082588054
579	-0.00608510482987
580	0.00118774291295
581	0.0266288650784
582	0.0328125594465
583	0.0345728671498
584	0.0622873733427
585	0.0624229008781
586	0.0719135128107
587	0.0889817476506
588	0.0992321280642
589	0.110226666834
590	0.128566388569
591	0.151572181284
592	0.15697063593
593	0.168812022908
594	0.174927332166
595	0.192066402784
596	0.197312688746
597	0.199098055753
598	0.208956726584
599	0.212793157642
600	0.2252460701
601	0.225633579353
602	0.229327257874
603	0.246962196046
604	0.247420650475
605	0.266560784772
606	0.26801535876
607	0.274542898631
608	0.286882461853
609	0.297700520976
610	0.311436108131
611	0.311742005691
612	0.3226417723
613	0.332390237638
614	0.336207850544
615	0.343081930578
616	0.357411779323
617	0.379712624234
618	0.39910980461
619	0.400976956041
620	0.401195756143
621	0.401273972343
622	0.434498292846
623	0.44225165457
624	0.449835752229
625	0.451389053752
626	0.45830476776
627	0.468729749953
628	0.492168830669
629	0.495189913069
630	0.506531283152
631	0.531856708573
632	0.53675590951
633	0.541016887268
634	0.545940204019
635	0.548670506011
636	0.555681878757
637	0.557841066483
638	0.568258538875
639	0.570374689854
640	0.616923336105
641	0.61946613648
642	0.621208549335
643	0.623426981359
644	0.623828631073
645	0.624333691487
646	0.646073385593
647	0.647722277493
648	0.648470252563
649	0.652754162073
650	0.664356480856
651	0.667553860801
652	0.682596247412
653	0.683526531031
654	0.686891726495
655	0.689742144024
656	0.697271890859
657	0.697283397672
658	0.697991188539
659	0.704677252531
660	0.709040121249
661	0.734084089244
662	0.73557071391
663	0.737195993945
664	0.741096655998
665	0.745007688276
666	0.757095656271
667	0.766643036786
668	0.778295298486
669	0.791066771916
670	0.792109103844
671	0.796401248322
672	0.81692868891
673	0.820207539791
674	0.822757115966
675	0.824750595125
676	0.826337348829
677	0.828283182084
678	0.829899107323
679	0.843877040895
680	0.845185367938
681	0.846422578772
682	0.851484231055
683	0.8567160946
684	0.858428457459
685	0.859200528725
686	0.864686075453
687	0.871958403858
688	0.874260364146
689	0.877151151752
690	0.877204882072
691	0.877717412706
692	0.879693236992
693	0.885829102525
694	0.88678651924
695	0.887926630767
696	0.888276534726
697	0.891262444127
698	0.8922793701
699	0.892646859003
700	0.902444268092
701	0.906534630272
702	0.914665830955
703	0.914665830955
704	0.914665830955
705	0.919395215771
706	0.923109901901
707	0.931190438009
708	0.931190438009
709	0.933805101732
710	0.940288948716
711	0.940288948716
712	0.940288948716
713	0.9452305771
714	0.9452305771
715	0.95060147106
716	0.950861685159
717	0.951306799741
718	0.951536640985
719	0.951536640985
720	0.951536640985
721	0.951536640985
722	0.953665919348
723	0.953665919348
724	0.953665919348
725	0.953665919348
726	0.953665919348
727	0.953665919348
728	0.953665919348
729	0.953665919348
730	0.953665919348
731	0.957841767187
732	0.957841767187
733	0.957841767187
734	0.957841767187
735	0.957841767187
736	0.953665919348
737	0.953665919348
738	0.953665919348
739	0.953665919348
740	0.953665919348
741	0.957841767187
742	0.957841767187
743	0.953665919348
744	0.953665919348
745	0.953665919348
746	0.951536640985
747	0.951536640985
748	0.951536640985
749	0.951536640985
750	0.951428654615
751	0.951306799741
752	0.950861685159
753	0.948672270079
754	0.948672270079
755	0.948672270079
756	0.948672270079
757	0.9452305771
758	0.940288948716
759	0.940288948716
760	0.940288948716
761	0.93596038819
762	0.933805101732
763	0.931190438009
764	0.931190438009
765	0.929881557963
766	0.923722494478
767	0.923109901901
768	0.921877383965
769	0.920226179811
770	0.919395215771
771	0.919395215771
772	0.918703553481
773	0.918366424505
774	0.910470289135
775	0.909616674761
776	0.909524906244
777	0.906917129471
778	0.906534630272
779	0.904462559383
780	0.902507044034
781	0.901924207231
782	0.899758062485
783	0.876646854155
784	0.87225268714
785	0.87101408346
786	0.864697655471
787	0.863951944006
788	0.862249655968
789	0.856276714387
790	0.855400801786
791	0.852460639651
792	0.849682038701
793	0.848262043054
794	0.846940094113
795	0.832038797731
796	0.825190288655
797	0.81747838068
798	0.800593077195
799	0.800137228478
800	0.797514474631
801	0.78660696629
802	0.786587860101
803	0.785890869823
804	0.776536113599
805	0.747125479186
806	0.746555390522
807	0.745053042556
808	0.728733443208
809	0.727913901349
810	0.726163867254
811	0.723626125058
812	0.717309935747
813	0.715684416734
814	0.707108731325
815	0.702552976593
816	0.697751085366
817	0.68841186086
818	0.685269796228
819	0.674849491576
820	0.659158784217
821	0.658671045002
822	0.633927012792
823	0.627441945649
824	0.621012600283
825	0.619761446262
826	0.616318080572
827	0.595595662455
828	0.594876319738
829	0.569503912681
830	0.565964418297
831	0.565778443737
832	0.561511106217
833	0.547679648019
834	0.54743915731
835	0.545028155539
836	0.537454851183
837	0.535696330217
838	0.512303402861
839	0.501618045644
840	0.493282641241
841	0.489950201473
842	0.489061112764
843	0.469395423445
844	0.466196232527
845	0.440911090726
846	0.433333525142
847	0.430016815873
848	0.417784691475
849	0.410567640788
850	0.396404679043
851	0.383473192481
852	0.376834537881
853	0.37634646184
854	0.354238788421
855	0.33735318355
856	0.33499633702
857	0.327103823256
858	0.323587561106
859	0.323404396499
860	0.321440453928
861	0.313272924465
862	0.31180600573
863	0.302866633756
864	0.300395902124
865	0.290676038232
866	0.279883992121
867	0.25315133144
868	0.242022425585
869	0.232211860466
870	0.220271715224
871	0.219084497519
872	0.218544762124
873	0.177596396753
874	0.177064112372
875	0.160024248368
876	0.152585556119
877	0.145075679904
878	0.12760448548
879	0.116318320132
880	0.102415421726
881	0.099566682563
882	0.0970827360713
883	0.0891634801931
884	0.0756459762521
885	0.0527452052555
886	0.0402413881437
887	0.0399754857532
888	0.0326841816891
889	0.0294527402688
890	0.0293972084467
891	0.00607776871811
892	-0.00371628049042
893	-0.0293294231029
894	-0.041755321718
895	-0.0466579530357
896	-0.0632504675296
897	-0.0842199667055
898	-0.0865123100021
899	-0.0880038285961
