0	-0.00394994739483
1	0.0361860355902
2	0.0270002589708
3	0.0838031461126
4	0.0181803146006
5	0.0749401907296
6	0.0473551603744
7	0.0934710684431
8	0.0987630248148
9	0.162237430793
10	0.09697586671
11	0.118798100303
12	0.233974018587
13	0.172193411668
14	0.0745959142644
15	0.157930512204
16	0.271438426067
17	0.263264898724
18	0.154197484962
19	0.196739077333
20	0.147961850072
21	0.277482483095
22	0.149745646777
23	0.167096566323
24	0.225270705331
25	0.229454781296
26	0.384995661687
27	0.271550374952
28	0.355261119086
29	0.280716959824
30	0.33017400876
31	0.323195893136
32	0.280096278159
33	0.34586806412
34	0.375433691625
35	0.282076769326
36	0.424643011823
37	0.262893796761
38	0.303127036259
39	0.427194681911
40	0.414851605089
41	0.337818279929
42	0.262347384012
43	0.438257336463
44	0.435752189091
45	0.393255956025
46	0.445155285732
47	0.46590980706
48	0.433673350654
49	0.467354354905
50	0.461915160271
51	0.51759711354
52	0.540396422585
53	0.505063949873
54	0.509933060391
55	0.497228355784
56	0.485461834458
57	0.485642574856
58	0.553974048042
59	0.544199262817
60	0.550889860039
61	0.567808222548
62	0.46040200674
63	0.591474243184
64	0.592165343172
65	0.607274539924
66	0.541804535673
67	0.500360409796
68	0.535941318696
69	0.654336702574
70	0.603565985746
71	0.730515544828
72	0.566577747851
73	0.675121873398
74	0.73184680107
75	0.603884819908
76	0.62774448694
77	0.583059540417
78	0.75152767105
79	0.768438338496
80	0.641482324723
81	0.745214090265
82	0.761669857751
83	0.770428085551
84	0.752580753863
85	0.665900675407
86	0.724477280751
87	0.687628459004
88	0.81692539819
89	0.761681376428
90	0.880871280921
91	0.670216472053
92	0.762406191095
93	0.770677371184
94	0.853914023866
95	0.750874977202
96	0.832541261801
97	0.797906016091
98	0.835988905346
99	0.863308874157
100	0.840992471592
101	0.786905525734
102	0.82791517786
103	0.92988443924
104	0.835629026937
105	0.925330900582
106	0.849934584342
107	0.886904902936
108	0.835883308995
109	0.960906397341
110	0.754602479435
111	0.880090244263
112	0.825986667096
113	0.933423767749
114	0.844933915723
115	0.85008350959
116	0.855356372484
117	0.933466739925
118	0.853716760041
119	0.843455700091
120	0.974554661708
121	0.9111722648
122	0.892220866786
123	0.936542136798
124	0.968887069488
125	0.895182565553
126	0.973225642418
127	0.903873050209
128	0.943908436499
129	0.952432826564
130	0.955167859148
131	0.881200842191
132	1.04184512935
133	0.890471184724
134	0.980205085435
135	0.981761170629
136	0.931370580875
137	0.882358607554
138	0.994850577178
139	1.03340461858
140	1.03975612174
141	0.981324689163
142	0.972920058686
143	1.01381500438
144	1.00823761969
145	0.966418222382
146	0.970161993121
147	0.903068578024
148	1.03791660499
149	0.92029458685
150	0.977251182221
151	0.993952426952
152	1.01491872058
153	1.0581721076
154	0.934213762888
155	0.972329261264
156	0.999188863103
157	1.07725417642
158	0.955000886955
159	0.978086033965
160	0.928380978215
161	1.0010933679
162	0.89235299097
163	1.08107998949
164	1.03132623107
165	1.02835910866
166	0.976121539009
167	1.00642338449
168	0.978065627245
169	0.96555566607
170	1.02596837411
171	0.928176303504
172	1.05564014853
173	1.02025589594
174	1.11214342046
175	0.937054804991
176	0.930937024077
177	1.12016470699
178	0.951964692623
179	0.971611076225
180	0.986783538633
181	1.05386921131
182	0.938563448245
183	0.948956636589
184	0.938252573093
185	0.97303762517
186	0.953751260264
187	0.99012296931
188	1.06661532657
189	0.979112855252
190	0.866442352505
191	0.903359611219
192	0.873253774128
193	0.993453781907
194	0.968578278037
195	0.850101203136
196	0.969261019236
197	0.908453505113
198	0.897236981279
199	0.958176340834
200	0.90053210816
201	0.927037865944
202	0.858634775623
203	0.885501514494
204	0.987856823508
205	0.86049215856
206	0.856241487634
207	0.959481787372
208	0.947844733356
209	0.848142019039
210	0.792368687094
211	0.828238585486
212	0.87530755677
213	0.88403151198
214	0.854431266718
215	0.804651824467
216	0.890481969555
217	0.804155847325
218	0.812678022608
219	0.833878969488
220	0.843598989921
221	0.789581031854
222	0.746626937842
223	0.856478273203
224	0.766197640833
225	0.802564653329
226	0.762622092119
227	0.832380294091
228	0.788749802694
229	0.803778641911
230	0.774494134694
231	0.656015392021
232	0.674780822733
233	0.647037260711
234	0.760343308904
235	0.670645117803
236	0.741623831819
237	0.773967042595
238	0.701944808761
239	0.640370192731
240	0.661243271552
241	0.677963884706
242	0.588086264833
243	0.606147735025
244	0.682534543827
245	0.639965423647
246	0.627906490944
247	0.618974158149
248	0.58786628372
249	0.605098295949
250	0.58247724586
251	0.638647469158
252	0.537720809668
253	0.558983215292
254	0.512333392992
255	0.586747936283
256	0.535747075638
257	0.544214015193
258	0.516892289302
259	0.535215137244
260	0.527521058507
261	0.600254738886
262	0.464771469451
263	0.471858285799
264	0.489516765629
265	0.446019602384
266	0.422803160401
267	0.541553192863
268	0.453220075077
269	0.433728774972
270	0.452318824456
271	0.388296020397
272	0.392775755319
273	0.397357612642
274	0.411888980412
275	0.384215561567
276	0.487763716668
277	0.464447456479
278	0.41081218639
279	0.305558358934
280	0.365140348784
281	0.225336243509
282	0.272715933216
283	0.364341319906
284	0.249634771367
285	0.287750247286
286	0.249222454105
287	0.287683962243
288	0.222704765471
289	0.248920966711
290	0.243216744993
291	0.298849907517
292	0.196847904867
293	0.19957680387
294	0.208811831545
295	0.338826770413
296	0.193087521593
297	0.219247360728
298	0.114771933431
299	0.16491805357
300	0.137173786501
301	0.0714170106472
302	0.121347926898
303	0.1705465396
304	0.165396106442
305	0.121213563972
306	0.143859892684
307	0.125684682568
308	0.0925534725901
309	0.100296899468
310	0.0743213613072
311	0.0411582485571
312	0.0109796564493
313	-0.103134857657
314	-0.0573261341339
315	-0.00371028466617
316	-0.0641547802095
317	-0.0598846082046
318	0.0267075954333
319	-0.022988273807
320	-0.0227234878115
321	-0.147800199126
322	-0.130973519899
323	-0.138964190987
324	-0.0582808349076
325	-0.114282417885
326	-0.204285148148
327	-0.198680012355
328	-0.109498498295
329	-0.153503454792
330	-0.145285237601
331	-0.124819531958
332	-0.259508523203
333	-0.231323738697
334	-0.255573059562
335	-0.213470487384
336	-0.215676683187
337	-0.280364437229
338	-0.203660771836
339	-0.194481952064
340	-0.302155523545
341	-0.197347152422
342	-0.307154199098
343	-0.288953434917
344	-0.264592381751
345	-0.310446689861
346	-0.246170678875
347	-0.316972937745
348	-0.366021058364
349	-0.27964346654
350	-0.41874957054
351	-0.432487265525
352	-0.414019911708
353	-0.334319825966
354	-0.381740718077
355	-0.351115654308
356	-0.450568348305
357	-0.417081132612
358	-0.546034821348
359	-0.458070342573
360	-0.402818651789
361	-0.439792383071
362	-0.444898697158
363	-0.441999498317
364	-0.409464635179
365	-0.49201396591
366	-0.498930153837
367	-0.443007385671
368	-0.477356917391
369	-0.579839053615
370	-0.588407551752
371	-0.55340722162
372	-0.542556068141
373	-0.543309119814
374	-0.568173569947
375	-0.539863856286
376	-0.623871701507
377	-0.524122457408
378	-0.701976735459
379	-0.63605884319
380	-0.56387925113
381	-0.532620973525
382	-0.6498775518
383	-0.63834232547
384	-0.588308101356
385	-0.69712871619
386	-0.637295522411
387	-0.656266775671
388	-0.692088633458
389	-0.786071210809
390	-0.690254676522
391	-0.736902821977
392	-0.709823341847
393	-0.614125499187
394	-0.670071231825
395	-0.744436038003
396	-0.707277267022
397	-0.754837266648
398	-0.754125826004
399	-0.757534078083
400	-0.846901191069
401	-0.795787954423
402	-0.842204817834
403	-0.787221993537
404	-0.855397895292
405	-0.790005924717
406	-0.843546095159
407	-0.835581641759
408	-0.844620435066
409	-0.85322672359
410	-0.793018527193
411	-0.819811637632
412	-0.918320699502
413	-0.813365543773
414	-0.889239767671
415	-0.900394184451
416	-0.922446087911
417	-0.914323432338
418	-0.846285099582
419	-0.848301979234
420	-0.871487836203
421	-0.971446109066
422	-0.940876360347
423	-0.932131363702
424	-0.8649039505
425	-0.90119212496
426	-0.903794770555
427	-0.811272991393
428	-0.84245540006
429	-0.915255866905
430	-0.907846307669
431	-0.908689354601
432	-0.938817796472
433	-0.964947842112
434	-0.961788765913
435	-0.901152057323
436	-0.963940665731
437	-0.936319106721
438	-0.939875166152
439	-0.96288862522
440	-1.05467990017
441	-0.974076067559
442	-1.00262732255
443	-1.00552840726
444	-0.949838917737
445	-0.935433303835
446	-0.954943003026
447	-0.935267093844
448	-1.00494415477
449	-1.0058205259
450	-0.896574547847
451	-0.916154592404
452	-0.912167546282
453	-0.991582179764
454	-0.954043605624
455	-0.893489332927
456	-1.05312300528
457	-0.987838829434
458	-0.991004259128
459	-0.995705630137
460	-1.01743988018
461	-0.947604264186
462	-0.97326090168
463	-1.00291241566
464	-0.986154931747
465	-0.995597348379
466	-0.941446682278
467	-0.989360467804
468	-1.03567541195
469	-0.948395895162
470	-0.987880902532
471	-1.02846931667
472	-1.126201224
473	-0.948842088638
474	-0.975185760234
475	-0.966361867144
476	-0.998980062481
477	-1.04339222913
478	-0.957167051856
479	-1.00202409366
480	-0.973518350718
481	-1.06406603877
482	-1.02508485722
483	-1.04850627031
484	-0.976560886629
485	-1.07310097569
486	-0.915284425301
487	-1.00654169517
488	-0.983119848731
489	-0.991813139601
490	-0.971583956867
491	-0.876148726541
492	-1.05072646261
493	-0.986196259833
494	-0.949277983488
495	-0.927812695052
496	-1.01605864386
497	-0.945769771184
498	-0.897994004058
499	-0.819925627792
500	-0.952552250803
501	-0.972094026309
502	-0.926890015671
503	-0.783854183944
504	-0.969536266718
505	-0.90844470516
506	-1.00649702258
507	-0.933193083174
508	-0.898295218191
509	-0.972892842287
510	-0.849646859663
511	-0.991135310694
512	-0.919769285314
513	-0.889781339191
514	-0.942630913117
515	-0.911816830251
516	-0.882724995054
517	-0.787664757464
518	-0.866927954706
519	-0.854606122048
520	-0.856851238654
521	-0.922465856331
522	-0.784192522149
523	-0.852600756249
524	-0.897594251391
525	-0.88053662246
526	-0.887114431241
527	-0.799373186716
528	-0.784913846112
529	-0.920077996745
530	-0.780923931966
531	-0.852999652418
532	-0.82917396598
533	-0.787802940232
534	-0.761981874802
535	-0.899469256361
536	-0.798230415184
537	-0.834170679799
538	-0.772305059387
539	-0.804800449629
540	-0.792741652673
541	-0.689971392393
542	-0.68131135356
543	-0.815012030256
544	-0.684405557383
545	-0.818727680118
546	-0.710191959678
547	-0.768307570111
548	-0.733054838272
549	-0.67860312773
550	-0.669056563767
551	-0.668768574152
552	-0.665367650545
553	-0.635714181798
554	-0.680398638181
555	-0.633144021936
556	-0.618453251812
557	-0.691561354063
558	-0.669738437714
559	-0.660290413346
560	-0.645057414728
561	-0.570686877092
562	-0.546587164765
563	-0.6493779587
564	-0.699377199048
565	-0.524560283885
566	-0.626672794183
567	-0.510631961347
568	-0.559062802855
569	-0.596221687252
570	-0.522712048557
571	-0.482858754726
572	-0.573867523219
573	-0.519640603302
574	-0.4507780117
575	-0.620217711857
576	-0.441709130711
577	-0.545186913217
578	-0.464576254809
579	-0.404485148984
580	-0.447096162007
581	-0.424484326759
582	-0.341457710309
583	-0.429616006801
584	-0.404598738894
585	-0.410175518883
586	-0.461317347613
587	-0.384440786235
588	-0.403921176797
589	-0.3079652161
590	-0.247060705327
591	-0.350883892372
592	-0.432551597134
593	-0.352076764177
594	-0.252689808043
595	-0.39743477836
596	-0.254502281191
597	-0.295516917796
598	-0.254488875306
599	-0.249562654807
600	-0.269794500803
601	-0.227340931445
602	-0.284727834095
603	-0.256296862962
604	-0.16945918678
605	-0.225337426578
606	-0.258670581904
607	-0.200975292523
608	-0.228289329859
609	-0.214676503765
610	-0.207180235984
611	-0.232344316542
612	-0.0755877316033
613	-0.177430894084
614	-0.152087542665
615	-0.173641080324
616	-0.0839144689432
617	-0.161442233933
618	-0.0529571567042
619	-0.0807906337514
620	-0.052097814289
621	-0.10694920631
622	-0.0486186190624
623	-0.109305879031
624	-0.101644975119
625	-0.088738578279
626	-0.019568045545
627	-0.0865553796111
628	-0.00608510482987
629	0.0266288650784
630	0.0345728671498
631	0.00118774291295
632	0.0328125594465
633	-0.0177082588054
634	0.0992321280642
635	0.151572181284
636	0.0889817476506
637	0.0719135128107
638	0.110226666834
639	0.128566388569
640	0.174927332166
641	0.0622873733427
642	0.168812022908
643	0.0624229008781
644	0.15697063593
645	0.225633579353
646	0.197312688746
647	0.192066402784
648	0.246962196046
649	0.266560784772
650	0.199098055753
651	0.311436108131
652	0.212793157642
653	0.26801535876
654	0.2252460701
655	0.208956726584
656	0.274542898631
657	0.229327257874
658	0.247420650475
659	0.286882461853
660	0.451389053752
661	0.297700520976
662	0.3226417723
663	0.336207850544
664	0.39910980461
665	0.357411779323
666	0.332390237638
667	0.343081930578
668	0.45830476776
669	0.401273972343
670	0.434498292846
671	0.311742005691
672	0.44225165457
673	0.400976956041
674	0.401195756143
675	0.506531283152
676	0.492168830669
677	0.468729749953
678	0.449835752229
679	0.568258538875
680	0.545940204019
681	0.495189913069
682	0.379712624234
683	0.548670506011
684	0.541016887268
685	0.624333691487
686	0.531856708573
687	0.53675590951
688	0.557841066483
689	0.623426981359
690	0.647722277493
691	0.621208549335
692	0.616923336105
693	0.61946613648
694	0.652754162073
695	0.646073385593
696	0.623828631073
697	0.648470252563
698	0.704677252531
699	0.570374689854
700	0.686891726495
701	0.555681878757
702	0.689742144024
703	0.682596247412
704	0.734084089244
705	0.667553860801
706	0.697991188539
707	0.737195993945
708	0.664356480856
709	0.697271890859
710	0.741096655998
711	0.683526531031
712	0.757095656271
713	0.709040121249
714	0.828283182084
715	0.73557071391
716	0.766643036786
717	0.697283397672
718	0.792109103844
719	0.745007688276
720	0.846422578772
721	0.820207539791
722	0.824750595125
723	0.851484231055
724	0.877151151752
725	0.778295298486
726	0.826337348829
727	0.843877040895
728	0.859200528725
729	0.791066771916
730	0.81692868891
731	0.874260364146
732	0.796401248322
733	0.822757115966
734	0.891262444127
735	0.980840168033
736	0.877717412706
737	0.877204882072
738	0.858428457459
739	0.845185367938
740	0.829899107323
741	0.887926630767
742	1.00807875564
743	0.892646859003
744	0.95060147106
745	0.961712935626
746	0.8567160946
747	0.864686075453
748	0.88678651924
749	1.00606123399
750	0.953665919348
751	1.00155591608
752	0.957841767187
753	0.885829102525
754	0.871958403858
755	0.8922793701
756	1.02936166477
757	1.03205697178
758	0.879693236992
759	0.888276534726
760	1.08080736034
761	0.950861685159
762	0.951536640985
763	0.902444268092
764	0.963559772887
765	0.940288948716
766	0.962077534828
767	0.998630853879
768	0.995989798261
769	1.00698785198
770	0.914665830955
771	0.933805101732
772	1.10151750401
773	0.923109901901
774	1.12682871398
775	1.01855364583
776	0.959805838871
777	1.02769324674
778	1.04442469158
779	1.03463878645
780	0.983819662051
781	0.9452305771
782	0.906534630272
783	0.997011973532
784	0.985662730974
785	1.02816310685
786	0.987837034896
787	0.988844791651
788	0.960884183513
789	0.951306799741
790	0.991401439023
791	1.02437208141
792	1.01141949364
793	0.919395215771
794	0.998148027564
795	1.04701479013
796	1.0767901341
797	0.993953142339
798	1.03236722744
799	0.969250090922
800	1.01671834609
801	0.931190438009
802	1.00475956934
803	0.87101408346
804	0.909524906244
805	1.03179656402
806	0.982966680414
807	0.9933662876
808	0.87225268714
809	0.977767805509
810	0.98486475337
811	0.920226179811
812	0.901924207231
813	1.02782616644
814	0.923722494478
815	1.01196367151
816	1.00109051238
817	1.01276675714
818	1.02186162583
819	0.906917129471
820	0.921877383965
821	0.93596038819
822	1.0048623691
823	0.910470289135
824	0.918703553481
825	0.825190288655
826	0.948672270079
827	0.864697655471
828	0.918366424505
829	0.899758062485
830	0.909616674761
831	0.969710071803
832	0.929881557963
833	0.846940094113
834	0.951428654615
835	0.904462559383
836	0.863951944006
837	0.856276714387
838	0.862249655968
839	0.78660696629
840	0.848262043054
841	0.977115465359
842	0.849682038701
843	0.855400801786
844	0.797514474631
845	0.902507044034
846	0.876646854155
847	0.852460639651
848	0.786587860101
849	0.746555390522
850	0.800137228478
851	0.745053042556
852	0.832038797731
853	0.785890869823
854	0.800593077195
855	0.68841186086
856	0.776536113599
857	0.728733443208
858	0.633927012792
859	0.81747838068
860	0.715684416734
861	0.717309935747
862	0.627441945649
863	0.707108731325
864	0.723626125058
865	0.726163867254
866	0.702552976593
867	0.697751085366
868	0.727913901349
869	0.685269796228
870	0.658671045002
871	0.674849491576
872	0.621012600283
873	0.747125479186
874	0.565778443737
875	0.659158784217
876	0.616318080572
877	0.619761446262
878	0.569503912681
879	0.565964418297
880	0.535696330217
881	0.512303402861
882	0.561511106217
883	0.466196232527
884	0.54743915731
885	0.489061112764
886	0.537454851183
887	0.595595662455
888	0.410567640788
889	0.501618045644
890	0.594876319738
891	0.469395423445
892	0.545028155539
893	0.493282641241
894	0.489950201473
895	0.433333525142
896	0.547679648019
897	0.376834537881
898	0.440911090726
899	0.430016815873
900	0.37634646184
901	0.417784691475
902	0.396404679043
903	0.323404396499
904	0.300395902124
905	0.354238788421
906	0.383473192481
907	0.33499633702
908	0.313272924465
909	0.323587561106
910	0.327103823256
911	0.31180600573
912	0.242022425585
913	0.25315133144
914	0.290676038232
915	0.33735318355
916	0.321440453928
917	0.302866633756
918	0.218544762124
919	0.232211860466
920	0.177064112372
921	0.219084497519
922	0.279883992121
923	0.116318320132
924	0.220271715224
925	0.145075679904
926	0.177596396753
927	0.102415421726
928	0.099566682563
929	0.160024248368
930	0.152585556119
931	0.12760448548
932	0.0970827360713
933	0.0399754857532
934	0.0891634801931
935	0.0756459762521
936	0.0402413881437
937	0.00607776871811
938	-0.041755321718
939	0.0294527402688
940	0.0527452052555
941	0.0326841816891
942	-0.00371628049042
943	-0.0842199667055
944	-0.0632504675296
945	0.0293972084467
946	-0.0969322775691
947	-0.0948297892211
948	-0.0293294231029
949	-0.0963262848658
950	-0.0903311365665
951	-0.0466579530357
952	-0.12262509557
953	-0.0880038285961
954	-0.090415005854
955	-0.111418298136
956	-0.107740853277
957	-0.188497469345
958	-0.170472987529
959	-0.167503665821
960	-0.191088755979
961	-0.110621010747
962	-0.196022354848
963	-0.232920917406
964	-0.226061970588
965	-0.202381510305
966	-0.0865123100021
967	-0.165717959824
968	-0.242541928755
969	-0.279637367954
970	-0.284745615124
971	-0.211387544829
972	-0.323915799713
973	-0.335362329396
974	-0.362813002868
975	-0.376435924088
976	-0.291146360723
977	-0.312921256613
978	-0.317609944845
979	-0.292966644543
980	-0.365880961162
981	-0.38114112297
982	-0.353031691596
983	-0.320235743959
984	-0.423065289196
985	-0.401971659035
986	-0.417224041853
987	-0.499112310902
988	-0.351600766887
989	-0.449810354278
990	-0.381239126076
991	-0.422926934129
992	-0.542758401896
993	-0.53971330525
994	-0.507314959622
995	-0.5012897528
996	-0.430323892112
997	-0.510548625336
998	-0.478753476143
999	-0.448200439979
